PPM dan nilai ADC Layak Minum (Clear & Safe) 

1. Aqua 120

0.122

0.595

0.588

0.608

0.607

0.609

0.619

0.608

0.606

0.595

0.608

0.607

0.614

0.607

0.615

0.621

0.621

0.618

0.629

0.631

0.625

0.628

0.633



2. Le Minerale 155

0.604

0.632

0.642

0.647

0.637

0.639

0.641

0.638

0.636

0.643

0.634

0.633

0.636

0.64

0.637

0.628

0.632

0.635

0.637

0.645

0.64

0.639

0.64

0.643

0.644

0.66

0.645

0.641



3. Cleo 14

0.592

0.617

0.616

0.62

0.612

0.616

0.612

0.609

0.602

0.607

0.605

0.606

0.603

0.61

0.618

0.611

0.621

0.615

0.621

0.618

0.608

0.611

0.608



4. Amidis 1

0.597

0.606

0.613

0.603

0.604

0.604

0.602

0.606

0.596

0.604

0.6

0.603

0.616

0.613

0.608

0.62

0.612

0.617

0.618

0.611

0.606

0.607

0.602



5. Pristine 109

0.624

0.644

0.638

0.638

0.633

0.633

0.629

0.624

0.635

0.629

0.63

0.637

0.633

0.645

0.643

0.648

0.652

0.655

0.65

0.644

0.64

0.637

0.633

0.637

0.633

0.642

0.639

0.645

0.65

0.651



6. Vit 160

0.633

0.653

0.65

0.661

0.665

0.657

0.664

0.655

0.659

0.65

0.655

0.658

0.654

0.647

0.661

0.651

0.662

0.668

0.67

0.663

0.669

0.675



7. Prima 179

0.642

0.659

0.661

0.667

0.663

0.672

0.663

0.668

0.67

0.671

0.666

0.667

0.671

0.661

0.666

0.668

0.659

0.662

0.675

0.675

0.671

0.684

0.678

0.682

0.672



8. Club 73

0.614

0.633

0.633

0.633

0.641

0.626

0.628

0.628

0.641

0.629

0.636

0.63

0.642

0.635

0.634

0.63

0.624

0.633

0.63

0.629

0.637

0.633

0.639

0.644

0.645

0.65

0.646

0.632

0.637

0.629



9. Crystalline 93

0.62

0.639

0.648

0.648

0.645

0.639

0.645

0.628

0.637

0.63

0.633

0.644

0.643

0.646

0.641

0.643

0.649

0.648

0.652

0.657

0.646

0.654

0.646

0.637

0.65

0.641

0.64

0.648

0.644



10 Aquaviva 109

0.626

0.654

0.653

0.65

0.655

0.651

0.652

0.653

0.65

0.647

0.648

0.642

0.646

0.643

0.64

0.652

0.644

0.644

0.657

0.649

0.651

0.66

0.66



11. Oasis 84

0.612

0.638

0.638

0.641

0.632

0.636

0.619

0.626

0.627

0.634

0.624

0.634

0.634

0.638

0.636

0.633

0.643

0.633

0.633

0.647

0.643

0.654

0.635

0.63

0.637

0.627



12. Air Isi Ulang (Biasa) 14

0.605

0.625

0.639

0.647

0.643

0.643

0.628

0.622

0.615

0.61

0.604

0.623

0.629

0.633

0.641

0.639

0.629

0.635

0.618

0.608

0.609

0.617

0.616

0.625

0.634

0.637

0.641

0.629



13. Sanqua 180

0.667

0.695

0.698

0.686

0.684

0.687

0.662

0.658

0.641

0.647

0.652

0.662

0.671

0.687

0.695

0.691

0.697

0.691

0.687

0.68

0.675

0.654

0.65

0.662

0.668

0.673

0.675

0.684

0.699

0.705

0.694

0.685

0.691

0.688

0.675

0.671

0.653

0.663

0.658

0.658

0.672

0.67

0.676

0.696

0.69

0.695

0.699

0.687

0.686

0.679

0.675

0.675

0.67

0.667

0.673

0.675

0.691

0.691

0.708

0.706

0.708

0.708

0.696

0.699

0.689

0.687

0.671

0.671

0.674



14. Mountop 165

0.638

0.658

0.659

0.666

0.679

0.681

0.685

0.683

0.697

0.703

0.695

0.702

0.687

0.685

0.683

0.675

0.666

0.669

0.67

0.662

0.666

0.675

0.675

0.697

0.704

0.703

0.701

0.7

0.708

0.698

0.686

0.675

0.673

0.668

0.66

0.67

0.661

0.678

0.68

0.693

0.696

0.701

0.7

0.7

0.704

0.704

0.704

0.694

0.681

0.679

0.667

0.667

0.667

0.665

0.668

0.679

0.678

0.685

0.681

0.694

0.699

0.705

0.696

0.711

0.699

0.701



15. Alfamart (Air Minum Kemasan Minimarket) 80

0.633

0.657

0.643

0.646

0.654

0.636

0.635

0.645

0.639

0.63

0.635

0.629

0.638

0.635

0.635

0.629

0.63

0.639

0.625

0.641

0.635

0.63

0.633

0.626

0.625

0.633

0.641

0.639

0.637



16. Vola 77

0.621

0.648

0.65

0.653

0.663

0.66

0.666

0.675

0.678

0.669

0.67

0.67

0.663

0.658

0.659

0.66

0.664

0.656

0.666

0.663

0.661

0.66

0.654

0.653

0.651

0.651

0.645

0.65

0.641

0.643

0.645

0.645

0.654

0.649

0.645

0.649

0.645

0.65

0.656



17. Nestle (Pure Life) 77

0.62

0.658

0.669

0.659

0.665

0.668

0.668

0.667

0.658

0.666

0.653

0.661

0.663

0.642

0.636

0.638

0.642

0.636

0.641

0.633

0.637

0.635

0.637

0.641

0.631

0.629

0.638

0.637

0.632

0.634

0.632



18. Air Minum Rebus Mendidih (Air keran yang sudah dimasak) 194

0.678

0.709

0.719

0.716

0.735

0.734

0.743

0.741

0.74

0.73

0.723

0.722

0.713

0.699

0.704

0.716

0.714

0.724

0.737

0.746

0.736

0.742

0.743

0.745

0.724

0.72

0.714

0.727

0.725

0.728

 

19. Indomaret / Lotte Air Minum (Merek private label lainnya) 58

0.655

0.686

0.691

0.68

0.683

0.685

0.675

0.672

0.67

0.651

0.656

0.656

0.65

0.647

0.646

0.659

0.664

0.67

0.672

0.675

0.676

0.683

0.692

0.685

0.679

0.679

0.676

0.668

0.672



20. Clairine 8+ 56

0.649

0.683

0.683

0.676

0.678

0.678

0.672

0.667

0.672

0.666

0.667

0.654

0.654

0.644

0.645

0.642

0.647

0.645

0.649

0.643

0.643

0.65

0.645

0.644

0.642

0.65



21. Super O2 / Oxy (Air beroksigen, bening tapi perlakuannya beda) 2

0.61

0.643

0.648

0.649

0.646

0.664

0.664

0.654

0.637

0.629

0.635

0.634

0.641

0.642

0.654

0.657

0.667

0.666

0.658

0.641

0.631

0.63

0.631

0.633

0.645

0.635

0.654

0.67

0.665

0.662

0.656

0.633



22. Air Dispenser Panas (TDS kadang naik sedikit karena ada kerak pemanas, tapi aman diminum setelah dingin) 143

0.674

0.7

0.706

0.698

0.708

0.698

0.691

0.695

0.691

0.687

0.695

0.683

0.682

0.682

0.683

0.687

0.679

0.674

0.685

0.678

0.682

0.692

0.679

0.696

0.693

0.687

0.687

0.691

0.697

0.692

0.696

0.693



23. Refresh & Alkaline E+ 18

0.616

0.646

0.648

0.656

0.657

0.656

0.668

0.662

0.66

0.666

0.659

0.655

0.654

0.637

0.637

0.633

0.637

0.635

0.633

0.641

0.642

0.652

0.658

0.653

0.659

0.669

0.667

0.666

0.662

0.664

0.667
